3.123902151105694 2.4348324358267113 0.2616390855455193 2.221464522158797 0.935278548580859 21.565279237967445
2.201424500822819 0.9056427163947698 1.7458326985511505 1.0765618125356091 -0.3357185318220801 9.986082642731017
2.72067535454688 3.756693879090852 2.9408741071446527 0.716591519765039 2.8529967905335156 38.81665789310503
-1.1996723881815785 2.167157982332239 -0.05522872228744502 2.624620417152072 2.4013057839052294 18.793739573065363
-0.8032195524347485 1.9786968407878744 1.430409361451171 2.678765726485511 1.0137835995829956 14.810016782661444
1.5975211294997163 1.3304909646100649 -0.14945550404773122 2.290564575047941 2.522433674874847 15.95397463040441
-2.709634398948875 3.46446608458739 0.4934339799300598 -0.9207624842399489 2.349182037349314 25.954580716761324
1.8175703843195958 3.6596241045617814 0.15705694944979665 3.6253089789342434 -0.030950540755006806 29.864900702730054
-2.343840154467699 1.6728617270741755 -0.3731858359339557 -0.08175078858054619 0.8209393468359183 9.111945298363413
-1.7437902979293636 3.3889371541090356 -1.0399307750035365 2.662739946901319 3.1603618538587934 32.685226726602515
-0.5073667648343427 0.41628125729749876 -0.3175955956631422 1.0596752362574002 3.5593837495169303 14.323702364282658
3.7523184361645336 3.9158160323517284 1.6833395036911925 1.4674567082993741 3.3048362220183396 45.322512375387674
1.0053443393469292 0.729825714626618 0.9567306766836083 1.7774359967320832 1.9506245367398916 9.422911207905333
0.4469399750353964 1.4438337569036848 0.5245147104184777 3.407931367432573 2.0463956277623634 18.36125821076039
3.808351012196295 2.232078753425849 0.13096293506379486 3.842095040955789 3.101711056769623 43.88517006737615
0.3677439386957082 -1.548137726428477 1.5538294808085542 2.1063966497707347 0.5089100423300801 9.642248357218126
1.9536695111356115 0.5951369460354368 3.409536979096829 3.3442437340723234 1.5225854616614418 29.29818759605076
1.121829167767512 1.837275956395424 -0.25735756686540245 3.337823179606376 2.0930934695242907 20.2224203893084
2.6719855885310637 0.8727688205411175 0.7827967032523151 2.5939693831598127 1.5064331898596934 17.512021194330472
0.8547337631730119 -1.5609359540825944 3.9005638965481872 3.834220372248194 -0.09021300421310752 33.09087381880305
2.3287078652616944 2.9692008982638107 2.9560510355053955 2.3761091153077327 2.778629299565376 36.34394733274649
3.9992965336697566 2.9061262950051323 0.3476423963269124 1.7252810526742042 1.4875006915547158 29.75005106055948
-0.0545770035737414 1.6336466080493026 3.9996048403405426 1.0662116675262676 -0.9286405561436024 20.66779937066942
3.6968377923805256 3.0016386561222617 2.374293953350855 2.8471690262407803 1.5707138197679082 38.88722942961357
3.358574164197762 3.1439682488188385 3.425569317718001 -1.911987229955117 2.8963923098500417 44.94386549655856
3.985078239223611 3.9386540016727047 -1.0239752166761642 -0.021298316832563557 2.0035852036504065 36.4571764485797
1.4669758101309593 1.2554809617430704 2.636465287750502 2.8270739778741434 0.9110105512144064 19.501487187119135
1.8043371595674635 -0.5570699591071979 0.5028988706295558 1.4974891213178565 3.4527995482331466 17.98316518756051
3.3040327416310293 2.3078682635663914 3.9997239857289375 1.0001421932434695 0.683308463533707 33.70787510480484
1.863038546798356 1.9225920826385285 1.766281313852831 3.3338783422519755 1.824096331558955 24.72909485049018
2.256612670444755 -0.04999791450185187 2.072703671950038 0.12986886376763795 3.986536833318728 25.30024289276472
1.3275822614852495 2.4971992855763427 2.310838132044399 3.3358703464559207 1.6066797518543932 27.04790259878657
2.0685686637994714 2.937115184124939 2.548530444711121 0.5355080752608874 -2.2896449860353485 24.9298724100363
2.0685686637994714 2.937115184124939 2.548530444711121 0.5355080752608874 -2.2896449860353485 24.9298724100363
2.8516235982702605 0.9282929731190865 3.1834567243285017 1.7023542292636866 1.3756970751619506 23.91843407032756
3.749761793611232 2.3145270144666434 -0.1290484113193311 -0.23969571304593762 0.22501443800949095 19.54248783415177
0.5543687138553095 2.0301429554128467 2.4673129586744484 3.987919866384614 -1.549573543892711 28.821121354994155
3.472535261657701 -0.724308662348264 -2.4948130209191586 3.991040191661334 2.4364605244022015 40.67195788958302
2.303950062112572 3.7616229823654166 -0.9274933591264034 1.4754653009706213 3.3041134571622175 33.412400873560586
0.21594558596053304 3.140068850494185 3.94512150283592 1.9756752936429294 1.5527341529936303 31.78492476986198
1.4941932441528893 2.4599803597422256 2.088793245513249 1.2723188800172678 2.0161461447521996 18.33081465313895
2.086634072485972 0.5165852403623514 1.4857381410615638 3.1236123497346933 0.14324765547218465 16.60579388903806
1.9761105641820516 -2.3550245176257043 3.4272160303712735 2.7821658569569157 2.8590209940307387 37.111411059249235
2.7884034723926416 1.3406601115897132 -1.316821431824565 2.3065959571439025 0.9372103934067295 17.505330373993772
3.88122015736832 0.5868750298857996 3.5105820503756138 3.30572185206109 1.4425143548714285 40.74112317028941
2.7133417220632405 3.940570267238277 3.4324784338529275 3.4461938954883955 0.5170600577303284 46.81582899919848
-2.64626294136351 3.4189721923904264 3.359714239323928 2.512924468442477 1.142609851505071 37.60010483394216
2.098753492432963 2.151300850560074 3.9627054706339817 3.810949681659191 1.4647654288164609 41.4047714562067
2.9302346684780955 2.6202885047046034 0.5867307597660738 1.636905484817003 -0.8130289797928252 19.136915732900643
2.4002999081445417 -0.7544840146546274 3.0952850643609446 0.893700028720319 2.8378629815932035 24.76364145069576
3.088970105156082 1.6827721384460825 2.9823158134373124 2.5817925685599072 -0.5441123319167804 28.229377088371713
0.5950067291040271 2.516354528113569 0.9556905042205137 1.0594963815624916 0.3617738447129373 8.852830355956389
2.68702501890239 0.9917953362591327 2.967027164246218 0.9373555217640552 2.35902961879884 23.45066775115947
2.0022896827904395 2.6722384368443595 3.101411287441005 -0.8486522496882962 0.9369215480074854 22.366806839045644
3.5680877665948443 3.4878277731586547 2.172602974349447 2.6065875955903337 2.401096207564972 42.175958460961
0.31437507282964483 -0.5487038534311841 -0.7227450939519433 2.5261271395243745 -0.003113766624608605 7.30359609660267
2.1677969748187715 2.2071115110708868 2.5075898318862975 2.3544564974972713 3.3628187778602436 32.71070724265116
2.13303635566596 2.684753859684464 3.1002488814472025 3.462094805264842 3.991297129729438 49.285843727026226
-1.503414272355834 0.45721023616773415 3.6448880853763588 1.3053064135918255 2.7083562974903774 24.793523496818054
2.551666710843785 3.2845861907230014 1.0061228281496057 3.269211130030761 1.8480069740990557 32.414663781876094
-1.2236316522917934 1.271188987614286 -0.9605816275128878 0.1994108847075018 -0.990857467049699 5.05747614678546
2.617551661481452 1.1784542824890978 2.077923350823664 1.4117270307985414 0.16966178694724388 14.579854979776846
2.1745282034119935 -1.2688560714728254 1.4082598185985422 3.2324178418260407 1.0631165555686886 19.900506269106394
2.7414397849875414 3.955794917382865 2.2325186505502486 2.4309356178858 3.993881430662219 50.00848190865366
3.759133437712925 3.7898124120865027 1.7836356319809905 3.9334968149331013 -3.018178694577449 56.25691821449862
3.5925927841244807 1.0100128512501314 3.2009964600666243 0.9113920745010082 1.797028908391799 28.23317562065184
0.7587846266603242 3.587570384772359 -0.45212599473930437 3.5464590827095863 -1.9663582437127984 30.094770058421346
3.1782917908037875 1.0781674043330445 3.1566401108816455 2.7055398138894184 1.4545028307445254 30.66388461806852
2.055398743293745 1.098972344348014 -2.470942775793784 3.8424007645961833 1.6710916858189118 29.09455346700519
2.3214723710439498 2.4634368991394844 1.1878484151050046 3.8119652262641366 1.2933485635559492 29.072568575929072
1.603564107279715 3.6351230369093392 3.2682389321602145 2.169858608163595 1.3826493220371519 33.086928584463955
1.8501522727001867 1.366484879564669 1.6476459320712915 -0.11325626090801588 0.6562503633170245 8.4485729957162
1.8498195832449804 -3.9998363718137573 2.253507035295879 2.270360808116472 3.661355511846471 43.05887983312871
2.879313422207607 1.2728844138877964 -1.2984503329957442 1.900587730011803 0.7463209241963362 15.765882423044811
0.5264534787399173 3.9870030218472943 0.036484112156571324 3.429430516919721 0.8804412975581455 28.7108480007628
2.7160132307271763 -1.8533385148255102 -2.027670926262699 -0.3177154670984619 2.450960217446669 21.03119001077155
0.6612441166102849 0.7880072123603785 2.0591637315342606 2.7054455163787083 -0.03173829764874858 12.618797183381085
-0.4704623844025575 1.8741218161093047 2.3968663445675547 -0.32563518164216143 -0.17513426884428052 9.615345994121954
-0.26830432184288555 0.46093967708052386 2.3366278001003113 -0.8848351816392865 3.989065943648875 22.439862472674207
2.28344589647858 1.6329983275733362 0.4315755233153742 3.2412060578329744 3.389573745688958 30.061693019124164
0.9493793215748114 1.6428516167020586 -1.896670884428512 1.8537259463025908 1.654522669173485 13.37138812137764
3.8556066012206918 3.119182319271323 0.7328000036822861 2.1395321060370724 1.8547489970861428 33.14968792458365
-1.766214499776592 -0.5489969300835114 3.2190800923438383 3.567312637386284 2.810479688628047 34.4079034624333
2.523312602846256 0.833792747259356 2.367743605918503 2.8188689517206993 -3.8560587535047572 35.48373789788862
-1.6018350877885148 -3.7576596152277237 0.12195971437628028 2.318533899096663 0.1242329039122192 22.091788859989382
3.382570630224302 1.0561102964071125 2.8837337053204486 1.6559004651579738 2.6043357278450587 30.397644043674998
1.4368540243664683 2.251180468510791 -1.8447411536115617 2.15729306766346 1.4902903612773086 17.410311653675567
2.6403253835308234 -3.512139164634468 -0.8654771101917378 0.42831857152803554 3.461745833488267 32.22263128533152
1.473880988908058 2.8569880463712063 3.272818322169183 2.9467353417531545 -0.2951190057358948 29.816390038382483
1.5877957851793347 0.40125854103123615 1.5071783045356324 2.453570435783705 -1.3339707601719235 12.753176186192182
2.243832199745526 1.161770821428851 0.30729545478773557 2.5056209177776445 3.859744222254356 27.654686523502285
3.7219112364157207 1.0768979070394775 2.394819029523712 3.7450791788805073 0.8880591363345011 35.56175762382398
2.426245051483489 0.17257093031720805 1.581160931135372 3.128268713932095 3.234698093061176 28.665852565807512
1.6661623673035568 2.758587471314549 2.960031562342174 3.875856687817118 1.0146820352876613 35.19953341840623
-0.0700940167741777 0.49860099413045766 2.8447956623052706 -0.41413205337619097 1.2133176286231986 9.990023508367704
1.261893678171821 3.3742179053888104 3.2594772201897504 2.491698740557287 3.826417826642432 44.451949874734126
1.5216258588829632 3.4212451817410963 3.8845989996784396 0.40204388747234265 0.8062716411150027 29.922086483030867
3.000079990074734 0.8830225263239369 -2.1340256874601398 3.9979837702071217 -0.6578029346340744 30.750853291234797
-0.17956660644313271 3.680682450211243 3.060533978835756 3.0111391521373005 3.249999140131015 42.575989105437245
3.7818635477768985 3.186775881003845 1.3195251617597705 0.47631686120515626 2.434054687631897 32.35067903691979
-0.5985093344679735 3.3214558011305564 2.7501498957891246 3.5156718207844246 3.3608780144700128 42.60905589122362
3.8967455521630536 1.7578512814737661 3.5170876387655547 3.471152316961175 0.9214553345088994 43.542550825878806
-0.5215190475865901 2.398746261900427 3.5136735394582668 3.985926470351819 -3.4566764759621864 46.20808957438775
3.227869565695352 1.648120804108233 3.2176631822186312 -0.5765978405325081 1.5312849119923044 26.16609902368403
1.5676995275749468 1.2452205241288037 0.11044031950494526 -0.9260623745126875 0.5584082502178567 5.189864322042124
2.33692771027209 2.5868233063565755 2.9085313413510043 2.325636340655207 1.2422938501032106 27.56431890394859
1.3437284554219138 3.2847105785759436 2.612372620025989 2.1418462317778646 -1.3439161280743281 25.81303629266005
1.7009461912013846 0.9401128117088935 0.7984517920717042 3.9206179234363736 -1.4756363037575309 21.963302710901942
0.4423085698542484 1.805248373827717 3.501394475336227 3.682996914024067 1.6262238001526625 31.923391950982946
1.6858985233342516 1.0537255488010104 3.411111089423211 2.062597845834328 0.6981274469480719 20.329962033385254
-1.281150411734082 -3.894596613723504 1.2287890125295453 1.820316690088505 -2.7791226157118447 29.356226963802143
0.9660993662564004 1.403356537167857 3.5303533357123063 2.903886215577927 3.866710670091993 38.750158790094545
3.081728212687178 0.934046906321699 2.871811435100221 2.770068294411677 2.4285622340838464 32.18798619937678
3.081728212687178 0.934046906321699 2.871811435100221 2.770068294411677 2.4285622340838464 32.18798619937678
-0.6038169847026953 1.355378044856069 1.8030626763683621 3.9967560623235996 -1.3349189486385202 23.208747231560572
1.478214558531652 3.9357113573273006 0.7415380912394824 1.4704955335779828 3.7710231644258294 34.60779373091812
2.1440669246512734 2.873006881633546 0.45991531781324624 3.820176915008251 -1.9489452635772961 31.454852921238874
0.02420600428534314 3.9967211595731746 2.0834690290194566 0.4041361817601561 -1.9866629480593527 24.42536487550624
-0.28042094599468714 1.2956505778049472 0.28474772302232276 3.5544231685401044 3.8067645489269437 28.96380798450688
0.045660690135092885 1.4499422299290892 2.4106379383094136 3.861750819893988 1.1338003328848745 24.114215228173755
1.7853285729271475 1.8296429694847136 2.1763764447887297 3.017568750469517 1.8417977073173464 23.769545897015753
2.9628966995675503 1.5150585054689931 1.7900970838938408 3.7836466281719883 2.13997850214756 33.17409649359842
1.5594203457495663 3.3513947568138858 1.197998353070837 1.8380542023792468 1.1665210636093293 19.83805332742599
1.3543288149535422 2.8566032531653316 1.190539269824583 2.6728303232897557 -0.09237629550518822 18.564327755071155
-1.555761641789257 -0.4474840936656701 2.301863243268637 3.9108642489474286 -2.418706661692157 29.06421177986695
-2.7081613660770723 2.3180431838671156 1.3543288172162993 0.06784280807000043 0.5027040896595562 14.798982780494995
0.9087749654494652 2.7115797470293783 -0.6482847081932965 1.3050116844959962 -3.1014445721296404 19.920823655868336
3.6799119509524076 3.976058871175333 2.3965217088708086 3.9351636315655774 0.41268585114629974 50.74993483383621
-0.050030526902437256 3.44821934293979 2.2142054605560544 3.0453747958146944 -0.3238363587631108 26.17460314644284
1.1068217664150923 2.4484204288085065 0.6754084212359421 1.0677138191114062 1.4369479541778984 10.880825776830996
0.10300806718088262 -2.937631974349873 3.7717278963915852 3.0543970396152744 0.44107330500802266 32.39011053904682
0.13069181069238356 0.4451415117290787 1.6376276776274228 3.92243871242841 1.1326310262048631 19.565434219656815
2.54523198652363 1.2005805554149482 0.93889928378454 3.284993625029791 0.7227393648468643 20.114666706340227
-0.4065093245587781 1.4896796989672199 1.2092936560162815 0.6726690106935722 0.8754378651298196 5.06566163660005
-0.4065093245587781 1.4896796989672199 1.2092936560162815 0.6726690106935722 0.8754378651298196 5.06566163660005
1.177123805552436 3.4373541206544678 0.1510749001442433 3.9620574474828287 1.1860472515013778 30.328454729780216
1.2616314744038424 3.9801939878197423 3.786536267789495 0.8185327684913908 0.7643477530376033 33.02573844583585
3.118217540755438 2.9107162985426887 0.11966865672097038 3.505687262999771 -0.15719625446820018 30.524424437855995
0.8637622783102125 1.221110535028303 -1.7307149677475717 2.9440267036909877 2.93578126593333 22.518675385224963
3.170786576952696 2.6030527241931654 2.3454610414317982 3.4428767081526916 -0.32932270438505484 34.292811969550996
-0.7072058954694527 1.6836466483298658 1.963137001170725 2.8790624646449996 2.447580566989073 21.46836440761502
2.867526103950976 3.9993530628353824 0.9127030731399466 2.8293487758208955 0.813248518245109 33.71714542543718
0.8391796004410764 2.683852769777555 -2.8891748306280274 1.5431322295415528 0.012609236763176823 18.636035364275223
2.5987149667352165 1.6666954943657313 0.6638524385336416 3.279089870207188 0.7824413020333212 21.3365381774427
3.933822013566692 1.999314250444748 -2.3025051307754625 1.7488988217245398 1.208322509742445 29.292433359880444
2.217626703628881 1.458472488750834 2.3544049010006436 1.6826139580588606 0.32779203702979487 15.526869986341445
2.842756375348288 3.9328031084589434 2.3613015278454847 1.5235790829669869 1.7987791138208251 34.680848527265645
3.42292446642774 3.079711193897666 3.1794352006136406 2.396903436969627 -0.46291641225063906 37.269278826477134
3.764540534800833 1.7197856801802245 0.2958852271116562 1.2370748574178072 -2.432918588820378 24.666423354217443
1.042287826196688 3.879790991748736 0.26604979293249686 1.4902985401795572 -0.6345111512321837 18.83351868451119
1.340219412648147 0.7611702137113472 1.9598219756771411 2.82421108398118 0.15797413539927435 14.217594418964673
-2.2451057773161134 -1.7363203745369713 2.146931231403353 0.6849187893688633 -1.0176353087005523 14.169317476290093
1.4209055362010778 3.9117666120030896 2.3831715772636635 3.8985331174603037 -0.7933693791274825 38.82839277593826
1.9593584452949977 0.8974750735317816 0.502679993932056 1.099746526315975 0.7617781068738865 6.686982507315655
-0.15179117789868335 3.1186732013041287 0.4790987583312155 2.5078250457857183 0.0491715685194033 16.270303021875726
-0.15179117789868335 3.1186732013041287 0.4790987583312155 2.5078250457857183 0.0491715685194033 16.270303021875726
-0.3578425600125237 1.8476003788587692 0.8826394847085548 3.810039836060377 0.37597524646462566 18.97849185600309
-3.442716933809842 1.2226764552771598 2.5718763298231426 3.3038283108017708 0.8681056880937297 31.630674449490687
-2.394814052824728 -1.0132197798960778 0.3918739555548082 2.9701200995451047 -2.7968889717122187 23.559515192828883
-1.7562329664413492 0.243183460035036 1.2288245598470153 3.4804597795665337 -0.38253742261515233 16.913437383414575
3.7503903512809345 1.554773142327412 0.7794713397249614 3.2718767209199884 1.1194617133065827 29.048694684993855
0.7054756822326774 3.02614516003942 3.2909624462270592 3.7174635065625203 1.1605267899551217 35.6520416431561
3.339260554166131 1.2314226627094662 0.4119425209135519 3.9903330939981716 1.6854029376816029 31.60010072678378
-0.8718626420645039 3.329342467065887 1.9167232870037023 2.2494509041515154 -0.2503931488256345 20.641219987745227
0.9893957929519346 1.3609433111697609 1.3012972095315067 3.0130953278846175 1.835874516117142 16.97362385271165
0.3048270851799479 3.1817886951771857 -1.328587710570784 2.658513138285548 0.30524916734447116 19.142713317897723
-1.8508254339692514 1.4309356089618257 1.7008166552934436 3.385625884235553 1.1953354037906987 21.257198154507236
3.7211529926848708 3.9519982599096024 2.2849617204202453 1.6533861483356906 0.5867388397475977 37.764268126658635
1.0594754327014329 1.1121945788895529 1.5676982356339346 0.34130950694128703 -0.446453470426328 5.132955612603166
-0.09343408394819319 1.2730444110064854 0.7289909493169229 1.8667473515926494 -0.30509712334541134 5.738629733975891
-2.7575117543396965 2.7943729804838635 -0.26145324042474116 3.890978338875062 -1.8390493245997432 34.002564078214164
3.999693556649024 2.2334396655566677 1.477280479765292 3.968971328754741 1.0438199094678544 40.01045231455583
2.374056576917476 3.7529426314451415 0.4614204510811667 3.0265725143133806 -1.3924345719675597 31.032647079607155
0.5662683834748202 0.7340296442273839 3.0371766764625434 0.2884635980728536 -2.0024076700339846 14.176749289199893
1.1470647059185834 1.691846887843361 1.1339697569611742 2.813128664809617 -0.5728214523880766 13.705808042261461
2.198580727394694 1.6584222206678163 0.8900305789450513 -1.367888740458623 0.7637833528485791 10.83076052469551
2.198580727394694 1.6584222206678163 0.8900305789450513 -1.367888740458623 0.7637833528485791 10.83076052469551
0.9661348283113395 1.8457990935387842 0.9864303592302508 3.2028737368827005 -0.46567093152786654 15.788685244678886
0.31534727391757106 3.271591551099297 1.5410442729905123 3.963890608015134 0.2621266583715274 28.958711769048016
1.0085518634640196 3.7728976958151232 1.4989284320712037 1.922639428489278 -0.2467372861554801 21.2561419892162
0.05332368450270086 0.924890555965737 0.800248502673198 3.516348603061494 -1.5211605175627498 16.17730044031854
3.8027522211320908 2.126016682739543 -0.2144549690613864 0.7484189763459064 -0.4232651868129829 19.766146706889504
0.9636275683629933 1.3726253998749076 0.015428234661011064 2.789290332138593 -0.007268104431603806 10.593109991619531
-0.4554246523501557 0.5693149959751143 0.46291408263508127 2.740788040614094 0.9128480695613903 9.091031308187485
-0.8999957487326244 1.4916766401404002 2.7292756831597864 2.839952240459335 2.3266035897333692 23.962450293014864
0.7322205064537289 -0.3039479329016146 1.160079583025574 2.0981671458454114 -0.3436598857061752 6.494723343887971
-1.0424674166576673 -3.9708518822449688 2.2425474004691743 1.1592229895986552 -1.830921099004399 26.57949183926589
3.1846606708533445 1.5399613993405215 2.0254270353200456 3.738147763664229 -1.7359678765850761 33.60323254686742
-0.05915714131654615 0.11064162051241233 0.49802241032866446 3.50788441059009 -0.9452273213516137 13.462475183838462
3.382113972031191 3.933335683352144 0.9144076683355866 2.7120665784406808 -0.5604468528403013 35.41537170240434
0.42802729165974135 -2.0268298015148396 0.41197703286840603 1.6221794466633366 0.5059498829806163 7.348422923590382
0.38399089877439996 0.499380630503202 3.886756256146114 3.8214924271296775 0.7113942307278638 30.613590341276666
-0.538133540420068 1.6102827672842217 1.9930711391041809 0.5171820580771094 -1.086907252681644 8.303775520596437
1.3673701659541653 0.5470277988319303 0.020953389416827894 3.6531603783513944 1.3636742600194773 17.374567865360653
1.4351461782920265 1.8030531852823088 -1.0935381217153324 1.9231833404129164 0.6246690073447688 10.595316495246468
-1.2629493294818879 1.5664093535457866 3.9855352861544917 1.8958355042299129 0.3507602692166709 23.650395814456683
2.0766699482980986 2.984330315265814 0.7638846599402589 1.8839487826481243 -0.6637574958664798 17.792142307431313
2.0766699482980986 2.984330315265814 0.7638846599402589 1.8839487826481243 -0.6637574958664798 17.792142307431313
1.7986542861661037 2.254195525997517 -0.5969864681511614 3.9779129867083225 -0.34062802096252953 24.61276673221409
3.514527345794106 1.087214765309927 -2.2307388581607466 3.1633135742393925 0.4506876966174092 28.7198064324003
-1.044913465366846 -2.1447191639004295 2.52930909474249 3.1809523123659447 -1.326277743971352 23.966539206553772
-1.229431940252308 -1.253117717603617 2.002848185522244 0.19428891904878576 0.5149475101266738 7.396126886385205
0.5530583703198841 -0.5861822118427913 0.9414917828949558 1.8029095811942524 1.8805417784681777 8.322810262246808
1.3636057402601998 3.9588521238606376 0.06724862201219739 1.877116314751607 0.35006064534034365 21.182561245151742
-1.6300632480570092 -3.5683590267062595 0.256677184567913 1.348892793980946 -0.4604274810614796 17.487680748190265
-1.4430153725333836 -1.536168511577964 1.7613953973855323 -2.4015004253170655 -1.0978796273226306 14.517164776150379
1.7047666474580938 3.965515036821827 1.2755216799936357 3.4882577830705697 0.93140485331964 33.29395174761909
1.351794198671505 2.5212820981339132 0.8424634811957126 3.925499908460746 -1.1205551753879637 25.559149123494958
-0.14435605832215131 -1.2588751650930234 2.1410832682042047 0.3727029070379242 1.2511816536670723 7.8942059016338835
2.313938078859775 3.9780890488152414 1.042163734523956 3.7238219457181545 1.0425356655962752 37.21933766011035
0.9172438160133032 2.4308977458053698 1.2361394529777132 3.5546916144347303 -0.10032661946044201 20.924538720089267
2.1292801198295384 1.9665098241100623 1.8497331338967635 3.0995271251007774 0.2868522439653468 21.511859992761668
-0.6217108479281392 -3.183059273152791 0.21462330234497573 -3.4029143683446055 -0.16107321725591156 22.170224656348296
1.6922351871804269 1.7496924333225463 -0.7941236252163997 3.8598541917195104 1.484082716071137 23.656691761560342
-0.5791158188930592 -1.3122733063622256 -1.4268379152072843 -0.6302387661155269 -0.7242350903784784 5.0150201670064405
1.5875676134449737 -3.4039944418639845 -2.1629641204908507 0.0025331313245935405 -0.42095819503674453 18.96317509275393
-0.31365761169803436 -1.3240947335505577 -0.3856163231733003 1.6280549093487648 -0.10059377619975876 4.660989805154874
2.000539005723272 2.70001605918548 1.450280832541012 3.500839074408128 -0.041613041329397735 25.65316339662704
2.000539005723272 2.70001605918548 1.450280832541012 3.500839074408128 -0.041613041329397735 25.65316339662704
-0.5485015607055862 -3.2364225308228196 1.8631774769692493 -0.708381242677735 1.1651339907054534 16.106056272074415
0.14636353947714625 3.2112261998616276 3.6105980359140717 3.8495855882728667 1.411046810374613 40.1801764718191
-2.945338546072753 2.3665789298716597 -2.806759942359042 0.609628619248312 -0.8144198419608248 23.188543088711878
-2.7564795291987307 0.9087354586784837 0.8345266067494075 -3.9493641237547576 -1.0735776749063322 25.8704601921824
-0.3351176639365268 -3.1193194563281903 1.4677774669775887 1.2800006769597 -0.798258737391453 14.272447156716106
0.5140704914007739 -1.7973618093749195 1.5600384369051967 1.3330462010143496 0.7341618880840998 8.244503720504127
0.5507556865361483 -3.346098620910368 0.3892226358046372 -3.993388890358752 0.007994102293849836 27.59842080264507
-2.5317978938759826 -0.3585272091455636 -1.688759644433945 -3.985145384216879 -0.6273443704411195 25.665396164270497
-0.5547990805864137 -3.4048469265709542 -2.690170148824433 0.2298820798735388 0.7330214276055078 19.72796622680108
0.37546412895321696 0.8112794436736959 -0.43655873944369006 3.712616808454927 -1.211537017929075 16.24107669307729
-0.9556330648662996 -3.730239334406813 -2.4261466475624105 -2.520066301657744 1.9301324554688657 30.790253062505077
0.5465823903042213 1.7115863334421606 1.185047887220426 0.8311832579019454 0.13741024204641897 5.342365764057998
-2.2007382834398403 -2.5488656101083684 1.2879687779169753 -2.560616376449289 -1.1724318222456334 20.93018106863429
-3.9333163441640546 -2.681357566906879 -0.3836282705471872 -1.900056664999342 1.5316477318343518 28.763986619481624
-1.2603341405570387 -3.935759932203053 0.3457840902281723 -1.1817454654899286 0.7916782875957112 19.22149188310004
2.13536070808494 0.22304142133399552 -2.290742017621286 0.9619913555929402 -0.4406695748631393 10.976628863004947
1.5541270532551072 -2.777154252568538 -0.9573934479666222 1.7344340589517113 1.8521910016919927 17.48337186602883
1.1029302121603597 0.20552594781177547 3.7089841114891 2.186782110516778 0.9280768607549393 20.65860176574357
-0.4847320067471142 -1.4723503789720684 -1.260315468573912 -0.3319338473560549 0.8303603009213558 4.790854145517755
-0.5897247797795493 -2.7267523565514367 -2.7325519218811882 -1.894334997595596 0.24352918347074962 18.897605281938866
-0.5897247797795493 -2.7267523565514367 -2.7325519218811882 -1.894334997595596 0.24352918347074962 18.897605281938866
1.760192689973815 1.97514974841601 0.32934409994054187 3.984465023158499 -1.3305122318508131 24.754186690548817
3.384291130396288 0.0006281163665224909 -1.5801423039441673 1.8064665613714466 1.2817417679479375 18.85645994757862
-2.2215320933620104 -0.431438277909189 0.1654639972601554 1.9516001811348636 -0.8651572507052498 9.70596249932545
1.9520771612505512 1.9227687019471533 0.597493989213383 3.999164641522617 -1.0911834248694363 25.04864288852419
-0.6744185144751769 -2.80706535561756 -0.22077448412500503 -0.46135680612008834 2.61574602260252 15.438174973530138
-0.22174216110903078 -1.5317108329750155 -1.1710004268156482 -3.3976985427454665 0.6828953995825982 15.777251175614493
-0.7447634661569031 -3.0581767208285147 -3.509884420122479 -1.37276736440006 -0.10109734132222714 24.121117028142315
0.5874413153505419 -1.8411316520530594 -0.7369281319486896 2.018935295471036 0.5293810123347874 8.63426011434911
-1.379929485148437 -2.9228285284092674 -0.9080836569290336 2.6957504295962154 2.4666703563028163 24.623280943777964
0.10006917795364567 -0.9051270996225522 -0.4024926837113693 3.452644328642464 1.0320061880301308 13.977058899528087
0.11353069845973038 1.2078637286346616 1.6884286457639972 0.917634929722043 -0.08033333889200223 5.171122607863943
1.3416135145855546 -1.490401607569094 1.2162212007361586 3.9738261764162703 -0.3708644093261761 21.429252673959255
0.6148205732068202 -3.9960054840386356 0.8757179451049433 1.5078287235412473 2.232075662819925 24.368655309173075
1.8427467420331733 -1.914854929718599 -0.5053252009495444 -2.588696156930462 0.9953600919378685 15.0098280213853
-2.0146255771574615 -1.6874976832146622 0.4747704549719514 1.971684002272542 -2.10031716025116 15.430641610369127
-0.48355380528325337 -1.417924339095487 -0.04782253895847147 1.3551969306864455 0.2594804437922433 4.150509530888304
-1.0155668987070505 -2.474266416354469 -1.3453460298964603 1.2123674959584134 0.05872264337479499 10.436609659108608
-0.8897427695800906 1.510262996987188 1.6866314519925405 3.0112433686966447 -0.1479300958532757 15.006732109717916
-0.6082509330699968 0.07341616349419589 1.669953745861788 1.6369389879232603 1.466529157528553 7.99438166402518
-1.2697357320050136 -3.9923069489940954 0.6430573641815509 -2.0766606473042373 0.3317427437254261 22.3868390698215
-1.2697357320050136 -3.9923069489940954 0.6430573641815509 -2.0766606473042373 0.3317427437254261 22.3868390698215
-1.3988933634310232 -1.3610376906927364 0.1895946146139511 1.1194146542624779 0.9206565671952178 5.945970038525457
0.18070578327793702 -2.5775283977856898 -0.9653466727433904 -1.5159553779574875 0.8381202178742451 10.608767627646293
0.44221054772985274 1.719218412858396 -0.4186538899410275 2.4227848974492594 1.5555978885719388 11.616304649435326
-0.8376283701400229 1.418661257378404 1.044732796102316 3.557857753541612 0.8533128163716237 17.19218222192191
-0.8983289962735002 -3.0086733065156768 1.6523044482093951 1.027979046862944 1.670225621115986 16.43561458667981
-0.9023530302071581 0.5899163599265922 1.757036041338772 3.1532482187500093 -0.5777240172465761 14.526157322550132
-3.23751812181727 -2.3575780102541373 1.1410631852489086 1.9617984734223413 -1.5593052564792114 23.621808989465396
0.0039544244378354465 -0.27723264194865394 1.9239822305589855 3.4032395960083144 1.3611588747426235 17.213374428870633
-0.1904565816296963 -1.7296678432265988 0.04883043446453317 -0.7730312051248536 1.5694373254960627 6.091119731465236
0.7562632483055545 0.31819373942461304 -0.21009491225834398 2.3687635764460437 1.096165721013931 7.529941397726971
-1.2233607792614725 -0.5466833828213851 -0.1361906980100439 2.8226084496011707 0.05970952196774676 9.784705910286274
-0.5361279780956999 -1.9421472480027813 0.3189924930316529 -0.9239048385708415 1.3535497304396542 6.8468223759401825
-0.787910466048485 -1.3867296245054206 0.013257797785792058 2.1952952620777975 0.4314542679283211 7.549471796206603
0.2775517916001849 -2.4995034379995005 -0.5769258496041221 1.673624728069906 -0.9136411923252015 10.293155828253715
-1.4926397558261644 -2.6605551781988783 -2.266928906472807 -2.630340542092295 -1.2514128471095 22.93021944520075
-0.32423045366265446 0.5948139157501942 1.7035988573490866 2.2847844839636853 0.009937578742639619 8.581516941845953
-1.1848182803465435 1.6239869450011355 1.6884234113202745 3.9958270640015128 0.3117742012114753 22.955738648819857
0.19042074341885756 -0.6794182341825774 0.4810379859291926 0.9742662290676432 1.0117863156130948 2.7021729739343825
-1.8348357996304114 -3.14959962658285 0.0733924041398446 -0.8627180007687532 0.3527718202971031 14.160716970407792
0.776369775071815 3.704790125456979 0.273555831938484 1.850379539566152 -0.08828410134368098 17.834751217511258
0.776369775071815 3.704790125456979 0.273555831938484 1.850379539566152 -0.08828410134368098 17.834751217511258
0.5917628835253661 0.06602293055827957 0.36863142157257167 0.29900735757069086 2.18976890162525 5.374924705054835
0.49350602750567785 1.827677185439267 -0.45164774274173536 3.859858310848113 1.5933352309729583 21.22516111496624
0.000856086507608711 -3.1909180234586803 -0.7163118602775105 -1.080700083740476 2.6457277195554534 18.86284908351256
-0.39271996864059194 0.9474678360153828 1.4534879348919456 0.7426424976891406 1.853650692378701 7.152090219659195
-0.5298682125190665 -1.7485466491731483 1.1757351490691983 0.34306905996717774 1.4406523190494016 6.913704332018748
-0.4784591081723538 -1.7768839903511573 -1.1771563001653664 0.5689392629475591 1.940557487545871 8.861392035772006
0.26826210836841413 0.7874667072523538 0.4139819320620579 2.6824192497829658 -0.3083177744591403 8.153882295544612
0.13910881904255412 -1.0659854671520819 -1.6656768725368971 2.174922932444426 0.5317115297886618 8.943162636402016
0.05669885881424158 -0.06825560583417811 1.827340836921585 0.6878313256990358 0.677605834357182 4.279309721967693
-0.09339716660251052 -0.33581634438186647 1.3901949009303778 2.071143030965623 1.4536874366479964 8.456978128641891
-2.5619939089487977 -2.322235129020479 -0.5317913766873483 -0.6080433242921046 1.8029582537188378 15.8597660011356
-2.5582719986837255 -1.8981237903198966 -0.7215004587033724 -3.375208929312853 1.8817316351204456 25.601141717663054
-1.3255900463194301 -1.688600979344983 0.5175486065836539 0.05483962088935712 0.4418994691269318 5.07470132335662
-0.15041858206689465 -1.675119346325129 0.965670330912289 0.29446295081137563 0.742480285773381 4.399155166430656
0.23556717602568644 1.1525599672697897 1.1459444984590497 1.398053953063334 1.4219008739279007 6.673432117075161
-0.46749930949669594 0.7287820856038731 -0.5828886385230586 1.5679485658145023 1.833418680863971 6.909324861977021
-1.6637131773852185 -0.1784851378405765 0.9251318364090495 -2.294943943941755 0.9960060842129916 9.914463221397003
-2.538934989647915 -0.5040555147992585 1.2176483944815315 -2.858674982466562 -0.147754026437382 16.37678436395011
0.03444299878605667 1.2559920726639007 0.49652550045919475 3.8268878038156138 0.1046978169736339 16.481271875237926
-0.20025076904772549 -1.8351448534742865 0.2474941650096945 1.6098925780314914 1.4927389100166044 8.289133931729653
-0.20025076904772549 -1.8351448534742865 0.2474941650096945 1.6098925780314914 1.4927389100166044 8.289133931729653
-0.595922253530524 2.614980992909668 -0.2821701082063033 2.517618667243364 -0.6064047795142848 13.978999405766908
-1.480434028990657 -1.0335349971247734 1.5508398831876171 -3.9907573944000707 1.8736688402228738 25.101763351541564
-1.2442707565682165 -1.5968201467913747 2.3750729275237807 -0.9857692582836073 1.4352102397319797 12.770585170714591
0.9893236299020671 -1.8450565294213046 0.28639017993971827 1.1822525809266908 1.9573571777685697 9.693982463078658
1.5766181280770788 -0.4993533405458379 -0.8945647990051602 1.2198526206835734 2.2516645958386796 10.093358528456648
-1.0361955345145972 -2.7460035468557535 0.5051811161848385 -1.980849149801287 0.04674443961178032 12.795393022145232
-0.5864571474953 0.7989154788933002 1.8912592659509073 1.9937558543157383 1.5058031916667043 10.801565197960713
-2.1123888702731657 -1.8653574493397471 0.7709210415080983 -1.145103247817758 0.6171811974481992 10.22823848394753
-1.6110339208119409 -0.4699725025497159 2.9117708898724475 -0.39141634965260685 -0.14789507718311756 11.469793874898494
-0.11935810358684387 -2.381430020403947 0.3525512351155009 -3.0196238090938845 2.248954572569697 19.985672290283265
-0.2600278583502559 1.9060851472557978 1.010096921092992 2.261713413247965 0.8402534272815436 10.542444251433059
0.2713502372680636 0.4787308518931983 2.0410007338815266 -0.24167148052605292 0.37867729636518543 4.670299774806853
-0.22218528455400188 1.5421250977571024 3.8486414483349822 1.983721805861916 0.5617723642993153 21.490297507989187
0.23580815280387304 1.3469957502318541 1.3963228657306146 2.1177406050925534 0.22107231739998323 8.353418821411978
0.6979055030930075 -0.4348589444699815 -1.2840539319299675 3.4158406221537168 1.4980037089975684 16.236951161063825
0.690227456008213 -1.6830580635479464 2.0977773735192775 2.1860170969276016 0.12326559417867666 12.503633449918773
-2.3922914325630593 -2.2521023147708554 1.9605863520675952 -1.406380316585535 -0.7991337183687433 17.255442273137664
0.2657362432018273 -0.7913188393427593 1.6609721481903224 0.20031069729214934 2.4743443864147885 9.61813425154581
-0.4818144872372573 0.6755550801844006 1.1913583597237574 -0.7462901352705629 -0.24176426561517883 2.7232535338889368
0.7485150916669057 0.8027463459022695 -0.18148237753954466 2.559273323584304 1.5485714074905856 10.18556574057759
0.7485150916669057 0.8027463459022695 -0.18148237753954466 2.559273323584304 1.5485714074905856 10.18556574057759
1.4641227508867107 -0.5220254532542956 0.5483978028023881 -2.0447864978374426 -0.15983362726332917 6.923604763770375
0.3589518232717449 -2.2429774543737064 -0.24742539617993287 0.9711799849214886 0.021231484074606732 6.164654937961773
-0.96319773367559 2.270678888112025 2.4520633827895715 1.0811899347723948 0.6874294811835707 13.737878286946342
-1.061380367131681 0.8831106665441855 -0.1462528311925626 1.519045216490266 1.2312590683024847 5.751299886747599
0.23605067870050134 0.4246293572759434 2.067084793112274 0.9157634441971014 1.0299565254054492 6.408302685844564
0.4397990871018529 -1.0492112991623745 0.43434980931516387 0.613743878922345 0.3423559235828427 1.9768164714846477
1.8937916569747595 0.45328787531007997 0.6033354377366198 0.7020846358316355 2.544842279920227 11.12507545389959
-0.23585316286390132 -1.9358921016074486 0.06267575516288626 3.9992987036795875 0.038963535143817674 19.803141472108383
-2.1633782943720568 -1.5410005757434106 2.6171964191922683 -0.8113988720793301 0.24187549401286745 14.621477399850082
0.5366066907281583 0.7339007146687084 0.8459247618639958 0.11728046718570084 1.0772387346445549 2.7163437016620224
0.6485944546989811 0.39217492026667955 0.9954940180579457 -0.46801192535667546 1.1697595132476557 3.1528567558510536
-0.3226955633866142 -2.1227856715320783 -0.0017634660922729584 1.1274449089400562 1.3239329251716705 7.634284956752428
-0.6466772210020815 -0.9041696058726334 0.8050038541318274 0.9610362996493764 -0.8543050156672035 3.537173138551852
0.15628441872357332 2.036348038522206 1.1377189725354913 -0.35727573159847914 1.6609373527252558 8.351901452063425
0.3204142186707222 -0.04260624014253622 0.23148791567996596 1.1044829967274055 1.7404377493884318 4.407073467887527
0.23477990444472158 0.9669828884175695 -0.82647521082994 2.949609396497101 1.9104279592400033 14.023169363489771
1.2755917899557956 3.999687389456988 1.1633567249774655 0.6145814220996231 -0.8361565444188025 20.054900588698565
-0.3394475143989455 -1.3257278528493632 2.816207113400469 -0.15492981759420488 0.39546207578279224 9.984194962181816
-0.013329331364775487 -1.3200885295500715 0.18718769291389004 0.21075774356005184 0.6771106993134801 2.280748354898041
0.013629164972327718 3.221069958833873 2.441817147396203 0.8568212478395232 0.5093810161425331 17.3315600855137
0.013629164972327718 3.221069958833873 2.441817147396203 0.8568212478395232 0.5093810161425331 17.3315600855137
-0.23783412366607593 -0.4378496527392155 0.548572733143679 0.3919285201221516 0.8520004029843072 1.4287220839031498
0.630901148428791 -1.9079168833576592 -0.3361860253695591 -0.3793355218528127 -0.021509269988826518 4.2955622233785515
-0.6442462640532493 -1.5532845966377415 -0.21019475836914892 -0.9138768522195146 -0.4497340407223587 3.909359731751614
-0.0874552397035741 -2.2902293758487087 0.5187822777775427 0.26646517366815914 2.398340701205254 11.344975872523744
1.1343002170044731 1.0759611261711344 0.2550921606660317 1.7703388408834568 1.157516841279143 6.983346187146542
-0.2910667657278412 0.3798202712581631 0.4877035584535535 2.2371714458522822 1.378070277242926 7.370851828655335
0.46189714334387333 -0.8259209616162444 -0.5918814324277739 -0.2390174428780849 -0.13534760688729364 1.321266348609182
0.017061236174042538 -0.9420333026933729 -0.6796789685907252 -0.445683655801588 -0.9863324084246836 2.5211668704652275
1.1804153774057067 1.8828911385670288 1.4496159780559892 2.092501717023505 0.8779714156543651 12.189443229197767
-0.04737801806002895 -1.7676677884620062 -0.21545296656949575 1.2367215043908821 -0.5671158852191189 5.024414574455764
0.055901741991723236 0.02518340061621771 -0.1834588135563271 -0.18727209650210597 -0.3580404592022919 0.20068015324988342
-0.6286203450057067 0.5933683180133542 1.7176377679835415 0.3749380582852133 1.7499455322159088 6.90041691425368
0.38948545659046035 -3.4892592443893733 1.0506922651713175 -0.384736664358865 -0.6239654344988659 13.967938395894356
0.8797715106623796 1.0929860284285393 0.23204742857110372 3.5893988710896987 1.2156266295995986 16.3839947367913
-1.1571559041008306 -3.939286237409356 -0.007089384814508715 -0.04229673383971644 -0.64362563944103 17.2730790834546
1.0043360540830601 1.8376755024075635 0.5596827166674561 -0.12505784136161324 1.905638771930071 8.346085497785463
-0.26803918997407994 -0.3583973068325843 -0.9616172127614018 -0.47500879466052304 0.9181592911550522 2.1936511397250085
0.6474948798045669 1.0344231283800678 -1.418056822271323 3.8146426978140764 0.1863347065615089 18.0863855139466
0.2884754772419582 3.281559048939265 1.1114736015017455 2.6534247838252445 2.3697724165245875 24.74370584901924
-0.9468282825373334 -1.7683571403730909 1.1804731066770415 1.6633343190811205 0.12715688667704006 8.19993745897129
-0.9468282825373334 -1.7683571403730909 1.1804731066770415 1.6633343190811205 0.12715688667704006 8.19993745897129
0.59295596504981 -0.7212696898604065 -0.4439755491581947 -2.021182961011128 0.9628021944414099 6.081109657752704
-0.00912399012155233 0.7230844345310405 -0.27741946755880786 -0.3090726590663895 0.7855165962235542 1.3124581391624321
0.40924741428218797 -2.280857059769671 -0.21384466361320847 -1.6607368898985477 -0.34547166545944713 8.292919602458877
-0.30288778708882913 -2.1326698251536467 -0.4508992478139404 2.1699095782181566 0.8117559938228992 10.210787097517931
-0.3496223279265791 -0.809431461999452 -0.254287309227792 -0.09833773565400428 0.941476490962833 1.7381253927829277
2.3127861125820433 -1.2800664138472548 -1.4133897404837659 -1.4578407154301924 1.5371789441841295 13.47343884292595
-0.509510618881406 1.5474971066346352 -0.047814192795606975 -0.2991558424778553 1.4723923754603492 4.914068088230581
1.1183005229397645 0.9650075374009486 -0.14692441474457488 3.7432375960592066 -0.20918039175034375 16.259006527339963
0.6025048596736122 -0.01320123632564929 -2.8157545022967034 0.7711452531338763 -0.19467754166923107 8.924224142436286
1.356873760749763 -0.3054617452463475 1.9818686376498436 0.9137138373090856 2.196321337223653 11.520916970154186
0.9108562517794891 -1.1810765461038297 -1.382223006641694 -0.25127887136502913 0.782974537067218 4.8113315561420436
-0.26349335066422125 -1.4543621744539603 -0.8017491780708657 -1.7766644622053729 -0.37879706576613353 6.127423653160558
-0.18733250520881958 0.634043368549932 -0.466652288963745 0.2036499603699049 0.2510265206031572 0.7593564399098511
0.41857247068833064 1.550946889419654 0.7441721629078374 0.3691228387101173 -0.7004278552821714 3.7612822255781606
0.042753703989455334 -0.5323338474102393 -1.134751495885941 -0.39287669889593246 -0.28604981003010316 1.8090447560724099
0.2360954335486975 -2.416277002728739 -1.4891622217308669 0.49613319576994286 0.8904433513111712 9.150777240127905
-2.571314126060271 -2.0000293474304485 -2.09866936300582 -1.1465152302230166 0.28220252375711075 16.410322258227637
0.626129839342634 0.014864021189831433 0.680736956166124 -0.1307854319797137 -0.19835008929880144 0.9121099054744466
-0.27900870410905987 1.0431826237793285 0.03860532221493468 2.0413914192423066 0.9455890942097572 6.228983876071608
0.8131145076006314 -1.1367891245738608 0.860389989980246 -0.8747914218354502 1.2627652273812613 5.053551702278367
0.8131145076006314 -1.1367891245738608 0.860389989980246 -0.8747914218354502 1.2627652273812613 5.053551702278367
1.1081182703833152 -2.2583962758332063 -0.03792089314076924 -0.5211016645010371 1.1910404050229935 8.019842025134288
0.036123404277949536 -0.3509829586946811 -0.3949321380235407 0.4585556029948723 -0.7161675140023847 1.0036344804248922
-0.04374193106799733 -0.8213840554108671 1.130346356848022 -0.9034947788028962 -0.4397764107186902 2.9639741162050646
1.1190665043531633 -0.6899170537371937 -2.814668116747265 0.06725318811614223 0.6964685647371194 10.140243442614981
1.7269333527253035 0.9221240871492551 0.5384624626537783 0.37613068326313837 1.5145601217793943 6.557920113919485
0.326555923096682 -1.0193699307290576 -0.3683302317213145 0.6606196587688524 0.28011174979559567 1.7963019121093924
1.3246661996965845 1.6682769788769827 3.9837951497871074 2.3830295737849307 1.3388867917782656 27.87996020506867
1.645554501184527 3.1883410214206003 -0.22583587018386697 1.0545303941884248 1.1004943269557872 15.247492041432784
1.9607405136980485 -1.9332717419737708 -2.7027173573156484 -0.20554736302445775 -1.1219257319925964 16.1876911704599
-1.4891065354928266 1.987065990702992 1.6116325625037766 -1.049716986442446 -1.589431934547842 12.391428668164709
0.39322483009135517 -0.1795594863208212 -0.5519704699766439 1.2095657943321871 1.1423548456811967 3.259562780124175
1.0985416147032978 1.32524658648933 -0.6832965483281325 0.26509766616218045 -0.35561812829079964 3.6267073929673765
1.3592523850403821 1.5177673555648257 -0.4621276029746974 -1.5339437707328845 -0.33277436825325546 6.828468985223925
0.09554403446476196 1.3081237723362387 -0.007784349647517286 0.27535830046050513 -1.2781276252786293 3.4298094825053163
0.4410137039296521 0.2080414493569709 0.36987897797218106 -0.7721904446058172 -0.5092652075768147 1.230213924438831
-0.5478884355996766 1.7235428788341283 0.7759701949106346 -0.9970641191247385 -1.3477142346195903 6.6833820522756024
0.16433233359381907 0.9857331293095895 1.1272592668645567 -0.008756603594244794 0.162851525834082 2.29598567038788
-0.5547329350044593 0.12032841973008246 -0.6265466395800489 -0.9265995845423554 0.2875521944484376 1.65604130394863
-0.45130058599050094 -0.1297723228246319 -0.6483636184169737 -1.5087244028255409 0.34088238999346754 3.0333385838623643
0.6731772988244513 0.7334268965438318 0.005615129554947501 2.6585083370145006 2.1470592213225697 12.668644095748306
0.6731772988244513 0.7334268965438318 0.005615129554947501 2.6585083370145006 2.1470592213225697 12.668644095748306
-0.4174602579469324 0.4422438310493817 -2.0510980850216183 -0.15651590209310662 -0.17808679412825404 4.633068161296601
0.23809104676482368 3.0468905944385454 0.4236105088976026 1.4531527509354278 -0.2646411099672224 11.701363338912014
-0.21842178061299816 -1.827806998400872 -0.4689737260486491 0.28602476163403523 -1.4748866812959451 5.865623740305285
0.12437296926017657 0.10631903063785053 -0.26996338529492164 1.0916146618401328 -0.9071028011048253 2.114110662874827
-0.49895363099024004 -2.622492207115025 -0.40194333447891745 0.9750263526715974 -0.936727850012064 9.116113999781712
0.4556344901723687 1.1495343573325734 0.3330470217717044 -0.47022981771748285 -0.9766789862604143 2.8149702697069365
-0.41958381018110474 -0.09631269190434288 0.011057920596798249 0.3135388602540754 0.8274817525569256 0.968481653699985
0.1938298754442484 -0.3638893118476325 -1.0532118030461124 0.48385159931428845 -0.877156305533732 2.2827561084639
-0.6585993448825449 -1.4645218496545969 -0.6112357507023396 -1.4989530320564963 -0.015314174872877201 5.199281204395493
1.5776270582874614 0.798722235837757 -0.8220124318713852 1.243655076717566 -0.05939582022683623 5.352774596519317
0.21641863120390686 -0.3224113103690627 1.4246075273470649 -0.2245428816805699 -0.1960019889778857 2.2691289693566885
0.6006921696022698 -0.6531292373106172 -0.33716936770192196 0.06502452685407256 0.07185542417117285 0.9104834568433596
0.14242555697875076 2.003076122503474 0.22227111915200687 0.8669481089537774 0.7787842181887699 5.440107324351771
0.5852874624953258 -0.22014872642669836 1.109677788724137 0.5510456655357885 0.8964733628001684 2.729727486005227
-0.5229954379211615 1.5727242011669524 0.46021186860876845 2.4791558192388616 -1.1474324835483733 10.42159548539885
-0.2659830270425402 -0.33061742962646967 0.748820902385092 -0.1407085981256131 0.5953255419229923 1.1149990097487297
-0.10396515211809944 0.9807814306913514 1.371729919928457 3.2473162535529387 0.8814070370614469 14.176325156441377
0.5265781734601446 -2.018140819876608 -1.0345899117001927 -0.2510401283150365 0.008824012718287116 5.483652236233545
-0.45470016112810485 -0.9053071124603118 0.06514806138146739 -0.4986424227034103 1.2440886249179628 2.8269782466727094
0.36250760263474835 1.4343831885617426 -0.5773860209325273 -0.7365999568346293 -0.057760331936030085 3.0681572631189797
0.36250760263474835 1.4343831885617426 -0.5773860209325273 -0.7365999568346293 -0.057760331936030085 3.0681572631189797
0.8719568924045396 0.8965981039738509 0.3905605815708528 0.779868544931321 0.7872375109494247 2.94467239615739
-0.384719263240434 -0.740922998859693 -0.055133783151797136 -0.4404089918239489 1.1881033958144838 2.3055652950174275
0.48042005457821385 0.3959533489160503 0.022508523109005557 1.680142102815342 1.150637192078558 4.534932550418507
-0.033186953573818595 -0.8816122602605976 0.5652290964435583 -1.0266323734596448 0.9378803062803769 3.031418981939669
-0.2719512563190186 -1.5909871639655133 0.4587272918331603 -0.7761649493630518 0.9955253890405878 4.4091311988332675
0.19854626722987187 -0.8937247189802093 0.8424074355019658 0.8629082706346622 0.4323142522428038 2.4793210771581267
0.4794609776867122 -0.11344266087523813 -0.19983475362097514 0.5537777986623773 -0.1091387216050704 0.6012671060304456
0.8634000279071188 0.5809750562429432 0.21521145204180653 -0.40946066732138675 0.13709912694680454 1.3157618019492987
0.4886544101800456 -0.9033809366037939 -0.1074336531202441 0.8620442427748642 -0.44195674988585176 2.0048682843012715
0.04816988735388203 -0.5291116085791483 -0.035333798262885754 -0.193059418432469 0.2749458590759653 0.3963950741490855
-0.0032353114039303243 -0.7315521989919738 -0.6616253475495792 0.34821734870181587 -0.692604247714648 1.5738831534992699
-0.21703540981683167 -0.15410600563823174 0.10770061042585347 0.48065245740671436 0.42831899059395784 0.49693639408877255
0.19010560987809602 -0.20637973881725635 0.16941066020454165 -1.3991901040766965 0.3352670313396405 2.177569640941793
0.40209658365811063 -0.8322322144007863 -0.6918436813608975 -0.2182207880474465 -0.4756993592283918 1.6068499934213105
-0.27338065580695425 0.2584649422952108 0.7654959358489498 1.5285829810897988 0.5801701240779868 3.4006884401164093
0.41899666900365246 -0.488600096784948 0.2702242213611445 0.029396328931339255 0.6012078252202587 0.8496243862853663
-0.47736395699461937 0.31677388538675366 0.339975059499196 0.8786999731074712 0.18938362645782864 1.2517848836914516
0.18674325022834018 1.5887902657109585 -0.18078042635694913 0.7682411867068968 -0.13383683904228943 3.1999159329151956
-0.07489375890203953 -0.17835041137915653 -0.3841452584605153 -0.007062236378175157 0.01398502407739198 0.18523098004039373
-0.008942653639127773 -0.5224053879138211 0.7001314070537615 -0.11165058973075759 0.13372870973404444 0.7935205695129374
-0.008942653639127773 -0.5224053879138211 0.7001314070537615 -0.11165058973075759 0.13372870973404444 0.7935205695129374
0.2667936564756159 -0.49843940102281437 -0.005264793680407501 0.4612263872986091 -0.49042136078408566 0.772891301133949
-0.011937385605987144 -0.18022407261148388 0.17839839059002272 0.7347190855561312 0.2150535614060493 0.6505093722427487
0.38679175780380926 0.0656989080403747 0.42340364636762695 0.6772223805145803 0.3741375453541494 0.9318039136935239
0.0822967710476526 -0.7384641264746481 0.01522716372635026 -0.4515745926865584 0.7530400928386207 1.3233228853124135
0.6075604806900513 -0.3388255170109531 0.4563879075731506 0.5232866022302218 -0.13433382371963265 0.9840968351218523
0.5128635906537797 -0.8295455998026942 -0.7041768572745997 0.020021038014100156 -0.30737974891211756 1.5419231630958696
-0.2761811317399844 -0.7192476105107968 0.21011109322846827 1.0063949862966641 0.24147136853279372 1.7088791045164944
-0.20691661973646908 0.9792283529463743 0.9272142933379728 0.30226161229288984 -0.16273330414833181 1.9792732110524025
-0.05366913235661411 -0.29623529098769197 -0.25105861146540526 -0.00768674213191467 0.34627184432575175 0.27362942596277184
-0.08295584366885686 -0.06764879668291535 0.4147964553921697 -0.20229929434886884 0.12010650825369609 0.23886470891631187
-0.44866705618292707 -0.4418703321659585 -0.7941114792568364 1.0141724566626777 -0.34946076636849116 2.1778331583238537
-0.5450075149809274 0.055184444467290206 0.8828540065425255 0.8704271562941797 0.325354489613441 1.943008689491034
0.31363428910522245 -1.0543425741516455 0.18622862071135937 -0.10158833719772176 -0.45965966205900327 1.4662930253221067
-0.6564450301094167 -0.42154008427301726 -0.5196105332387578 -0.36103609619909705 -0.1583981850488952 1.0340482742423893
0.2668036539264079 0.12567270880747827 0.31084645478692663 0.25862348781929967 0.7511263907922827 0.814680301337553
0.09956849813435562 -1.103211144046785 0.11586222268014189 0.24051372346416144 1.217684124282253 2.7810142465177625
0.009372729126052609 -0.08403494651805588 0.2066492665816816 0.4191753639248983 0.16948667920062277 0.2542873598143355
-0.07550202080744761 -0.024994600513032594 -0.3001634253794746 1.429879388617885 1.0210987065628834 3.1836210016750046
0.1186551491164147 -1.0497402337399926 -0.08428010543527426 0.8480791614454333 0.442132929135301 2.0378565300202642
0.29277029216649403 -0.4880567720383553 0.6838962004715431 0.08754749198216771 -0.7378496730841853 1.3437145731499733
0.29277029216649403 -0.4880567720383553 0.6838962004715431 0.08754749198216771 -0.7378496730841853 1.3437145731499733
-0.08736980368909134 -0.6647663933177324 -0.10952595969619344 0.3910337268067856 -0.16135448245877615 0.6404864206386519
0.18542550748083608 0.06181575932202499 0.1633598580093007 0.13331237882419344 0.29426857077011837 0.16925643222475642
0.5787527359441935 0.557999087409037 0.967992980592584 0.7742969843373411 -0.1649601010247998 2.2100757762727348
0.09348047469936918 -0.07386399172350266 -0.046326047467315196 0.37505112819495956 -0.043741743698518326 0.1589172799993919
0.10741504786574496 -0.507119006302533 -0.43099085345326776 0.16176538735578738 -0.03641461679534927 0.4819548596843651
-0.6259777805968226 -0.12021918976732593 -0.7144210546601582 -0.4604066016293604 -0.17126165185574893 1.158003070951225
0.232433143406203 0.1970083809191845 0.7672807885053388 0.0430680877230607 0.4735825671137705 0.9076925847696516
0.17275655503115764 -0.19299954080315906 0.1930070800133776 0.04442290824466788 -0.14543901017906957 0.12747128345053568
0.20482756577426017 0.2472900468936743 0.33870998919177253 0.4442048643018346 0.5656335754448929 0.7350904589119598
0.22721560953072087 -0.031944011583700416 -0.24402070243779023 0.28174232460370696 -0.12012856075794859 0.20600306489158587
-0.37175026742902906 -0.3355151140655668 -0.11679863315868755 -0.18796834372701454 -0.21394452042897621 0.3455149298727843
0.12486945740445138 -0.5039797793990477 0.6635847553385363 -0.19377640528674434 0.11979994460100009 0.7618340489255553
-0.22028333612577397 0.2751486760019528 0.5148304677564483 0.4912865281691179 0.3985964731832994 0.7895235538052818
0.06124620998732941 -0.06492454118493285 -0.07073572626906494 -0.05709113261675469 0.37154151351396214 0.15427233094440776
0.1029689804925478 -0.006293087002992692 -0.21782038538801884 0.26541965496109654 -0.28703860736439857 0.21092668953564786
-0.2582802632929726 0.5147469994216252 0.8712893219566757 0.4340684622589617 0.8229864114903731 1.956540313801639
-0.04812083702042764 -0.7675484225757625 0.06467798718635041 -0.0006981306803464093 0.13982144401741892 0.6151799615741287
-0.123533605928593 -0.32098369546029737 -0.12861826047059427 0.03146748702347324 0.11103907136248464 0.14815361958016687
0.026302465037821257 0.6138159148320153 0.8037784224165947 0.6899359961276295 -0.07227342306084009 1.5047566757441948
-0.545518613668638 -0.8088420944405836 -0.166329016274732 0.16454245018801394 0.4180032290062756 1.181282350626451
-0.545518613668638 -0.8088420944405836 -0.166329016274732 0.16454245018801394 0.4180032290062756 1.181282350626451
-0.04533848853411414 0.1893162995937523 0.20198278041917314 -0.5173154472527841 0.5869904282013192 0.6908663181866055
-0.10665942604618525 -0.06465027797610468 -0.9515369294621934 -0.14786655195306686 -0.260264257602595 1.0105804207091476
0.2457943103788728 -0.32661230910521155 0.2754038976801011 -0.2124815264222164 -0.11536111074056957 0.3013943352730685
0.4672106854849841 -0.24445033319111964 0.008555679530324687 -0.0411481068714874 -0.13842653466494692 0.2989700618792769
0.060835888410108785 0.004178005461747958 0.4575338620514441 -0.37877096004727306 0.044665160147644475 0.3585181126781431
0.47392858889462985 -0.2669336898353478 0.5160830817072181 0.1257847082837067 0.2604577359362126 0.6458636744122229
0.08837361137477094 -0.11300461287736141 0.2238259438386332 0.44482228868920437 0.3918284666290331 0.42207440662979756
0.29563971314539195 -0.09497503197053092 -0.08069672193457618 0.042423238495164384 -0.27955668298411895 0.1828867277829801
-0.14335298423835552 0.20765903635740912 -0.445683637275198 0.0837268356660541 -0.14897137340601618 0.2915089111109054
-0.1446226124860875 -0.3555735785014047 0.04617083388080314 0.18840094990497214 -0.1674070983208846 0.2130000701651585
0.3164183164521637 -0.20736212314644753 0.46209486364147334 -0.29361778601542454 0.42411856954864746 0.6227392294066464
-0.034756703691482496 -0.22558893229327381 0.2771840226114054 -0.056711205577666846 -0.11613254954582403 0.14563230711784253
-0.08361474836268332 0.16184088946022612 0.6412071993846413 0.690202176540712 0.2750642016760773 0.9963699317329612
0.21348400516066288 -0.16095702479570662 0.16075270994343135 0.3556210523351808 0.491698094926298 0.46555736746281284
-0.08251225035709611 -0.7966174150692087 -0.027490767032448186 0.23663587003275666 0.3912155649757873 0.8512094729880566
-0.006261483633654641 -0.07617612183994105 -0.6403004010569966 -0.37196328064979767 -0.09148418530126831 0.5625526496216157
0.041348986977892174 -0.004092549999095141 0.30237438302775954 0.2801057146431276 0.29043981457174034 0.25597125246521535
0.25217446548134437 -0.5443721871649654 0.2588397595174613 0.41320700708273606 0.1845743314262847 0.6317387748303593
0.31416337847262793 -0.016367086525621133 -0.3088598424685679 -0.11562829780014283 -0.030221044141702277 0.20864412694555462
0.12328820018477957 -0.16962855610224103 -0.06797537965255258 0.669561540095116 0.14209696617485765 0.5170986833596843
0.12328820018477957 -0.16962855610224103 -0.06797537965255258 0.669561540095116 0.14209696617485765 0.5170986833596843
0.3807903822442712 0.3104451113684359 0.2527713013637075 -0.03944769579101148 0.4030535181031443 0.46927907233394284
0.16724924855069262 -0.27213307719486224 0.334012395839168 -0.22434005985022942 0.1791319796819545 0.29600973201691794
0.19831631031183095 0.12118339690251467 0.3466689779370413 -0.29644671741482576 -0.5093908923231609 0.5215538923322554
0.14768137192817835 -0.0281049746544646 -0.26357685854171997 -0.0033425935233797333 -0.3264362231991561 0.1986442183216307
-0.24137674019542935 0.18793818185266886 -0.02800326387589077 0.10067722178285798 -0.577770405670786 0.43832221834806073
0.05175821973807485 0.12281999000936494 0.029326962474017573 0.07565570278303468 0.023029187766360787 0.024877862837080964
-0.03689667983580494 0.09954719525700995 0.26845398395409603 -0.04585614074638933 -0.3827127641868061 0.23191039608292774
-0.21358652355247323 -0.0939903509564104 -0.058118183430824054 -0.023417976565028198 -0.37640216844800367 0.20005810640019883
0.15510357031139804 0.2790278018925001 -0.32249971923624043 0.38209120906678073 -0.2576810707633251 0.41831292693560507
-0.049470052833991446 0.022109055218139773 0.05132926841544917 -0.49111624468676496 -0.1554224009171322 0.27092207874817803
0.42214681986075875 0.00783962741161126 -0.12034566536319499 0.33844496450311823 -0.7701813791598855 0.9004768272503552
-0.10261978565437871 -0.5871837923001184 -0.11100086649406057 -0.21817300091523428 -0.16904664164912986 0.4438130440913396
-0.22569363957551894 -0.15351377470988226 0.2006527155866337 -0.22015286853712546 -0.21226491569567696 0.20828929020322895
-0.2756592785334694 -0.10707062212099672 0.025936624928010986 -0.38236245975184247 0.1344194262523668 0.25239449725712126
0.07822532596453104 -0.49417421577833665 0.04652671155620233 -0.4577204744405954 -0.342641337908719 0.579403211216626
0.11974385419460871 -0.5018844861997138 0.34243626528233284 0.20773864737579295 -0.26935846843404754 0.4991985540165025
-0.15007340985973708 -0.5248793952654012 0.294920286209598 0.2129643536537067 0.09118283880545766 0.43866650915881616
0.22732211843043093 -0.20398304602842465 0.6891836883642083 -0.20793620833497428 0.06145149464655625 0.6152723378330489
0.08316392819577506 0.0532696017758294 -0.2322124248906142 0.09816710406015794 -0.7161341221168775 0.5861613608795554
0.1868531970059455 0.017265730221806663 -0.0971345309734844 -0.019814070545203677 -0.3572046344322919 0.1726350880303513
0.1868531970059455 0.017265730221806663 -0.0971345309734844 -0.019814070545203677 -0.3572046344322919 0.1726350880303513
0.176323122765357 0.40888431090319344 -0.14680889712607562 -0.24112321791945668 -0.6807106831631972 0.7413365159922215
